'C' 
501
0.000000 42.939000
0.014000 42.939000
0.028000 43.003400
0.042000 42.999000
0.056000 42.999222
0.070000 43.006000
0.084000 43.011333
0.098000 43.016667
0.112000 42.985444
0.126000 42.954222
0.140000 42.944444
0.154000 42.934667
0.168000 42.923556
0.182000 42.908333
0.196000 42.890111
0.210000 42.874778
0.224000 42.859444
0.238000 42.857333
0.252000 42.854444
0.266000 42.842556
0.280000 42.825556
0.294000 42.808556
0.308000 42.745111
0.322000 42.684667
0.336000 42.653111
0.350000 42.621556
0.364000 42.603111
0.378000 42.592667
0.392000 42.582222
0.406000 42.563889
0.420000 42.556556
0.434000 42.612111
0.448000 42.667667
0.462000 42.692889
0.476000 42.719000
0.490000 42.737444
0.504000 42.755333
0.518000 42.778667
0.532000 42.802889
0.546000 42.816111
0.560000 42.817000
0.574000 42.830556
0.588000 42.844111
0.602000 42.866333
0.616000 42.888556
0.630000 42.900111
0.644000 42.906222
0.658000 42.924444
0.672000 42.935333
0.686000 42.946444
0.700000 42.944778
0.714000 42.943111
0.728000 42.922333
0.742000 42.906556
0.756000 42.894778
0.770000 42.865444
0.784000 42.836111
0.798000 42.818333
0.812000 42.800333
0.826000 42.783444
0.840000 42.766556
0.854000 42.765111
0.868000 42.758667
0.882000 42.752222
0.896000 42.761000
0.910000 42.769778
0.924000 42.765556
0.938000 42.761333
0.952000 42.760444
0.966000 42.746111
0.980000 42.725889
0.994000 42.692556
1.008000 42.665222
1.022000 42.623889
1.036000 42.582556
1.050000 42.550000
1.064000 42.495222
1.078000 42.436111
1.092000 42.386778
1.106000 42.337444
1.120000 42.276556
1.134000 42.209667
1.148000 42.159111
1.162000 42.113889
1.176000 42.078222
1.190000 42.051778
1.204000 42.025333
1.218000 42.013000
1.232000 41.993667
1.246000 41.999000
1.260000 41.993222
1.274000 41.987444
1.288000 42.007556
1.302000 42.018111
1.316000 42.038778
1.330000 42.059444
1.344000 42.117000
1.358000 42.166556
1.372000 42.216111
1.386000 42.290889
1.400000 42.365667
1.414000 42.401111
1.428000 42.436556
1.442000 42.486000
1.456000 42.546222
1.470000 42.559111
1.484000 42.576222
1.498000 42.610333
1.512000 42.635556
1.526000 42.660778
1.540000 42.694111
1.554000 42.727444
1.568000 42.749667
1.582000 42.765333
1.596000 42.781000
1.610000 42.827444
1.624000 42.856889
1.638000 42.881111
1.652000 42.913778
1.666000 42.958556
1.680000 43.012778
1.694000 43.067000
1.708000 43.107222
1.722000 43.149667
1.736000 43.172111
1.750000 43.183222
1.764000 43.194333
1.778000 43.195000
1.792000 43.183556
1.806000 43.161667
1.820000 43.140778
1.834000 43.129667
1.848000 43.116333
1.862000 43.103000
1.876000 43.105111
1.890000 43.107222
1.904000 43.110778
1.918000 43.114333
1.932000 43.122556
1.946000 43.124111
1.960000 43.125667
1.974000 43.100111
1.988000 43.085889
2.002000 43.055222
2.016000 43.024556
2.030000 42.994444
2.044000 42.968667
2.058000 42.939222
2.072000 42.926556
2.086000 42.913889
2.100000 42.927556
2.114000 42.929889
2.128000 42.944556
2.142000 42.969667
2.156000 42.986556
2.170000 43.007444
2.184000 43.028333
2.198000 43.025222
2.212000 43.022111
2.226000 43.019778
2.240000 43.002222
2.254000 42.985778
2.268000 42.953889
2.282000 42.930222
2.296000 42.903889
2.310000 42.883000
2.324000 42.875000
2.338000 42.867000
2.352000 42.859000
2.366000 42.866222
2.380000 42.872333
2.394000 42.873333
2.408000 42.874333
2.422000 42.868667
2.436000 42.857556
2.450000 42.846444
2.464000 42.815444
2.478000 42.786556
2.492000 42.742778
2.506000 42.699000
2.520000 42.665333
2.534000 42.661222
2.548000 42.658111
2.562000 42.633556
2.576000 42.609000
2.590000 42.595889
2.604000 42.580667
2.618000 42.580333
2.632000 42.571556
2.646000 42.562778
2.660000 42.503000
2.674000 42.443222
2.688000 42.396444
2.702000 42.349667
2.716000 42.311333
2.730000 42.251556
2.744000 42.204778
2.758000 42.145000
2.772000 42.085222
2.786000 42.025444
2.800000 41.978667
2.814000 41.940333
2.828000 41.880556
2.842000 41.820778
2.856000 41.774111
2.870000 41.714444
2.884000 41.654778
2.898000 41.595111
2.912000 41.567444
2.926000 41.507778
2.940000 41.448111
2.954000 41.388444
2.968000 41.341778
2.982000 41.282000
2.996000 41.222222
3.010000 41.183889
3.024000 41.137111
3.038000 41.079778
3.052000 41.020000
3.066000 40.966000
3.080000 40.919222
3.094000 40.859444
3.108000 40.821111
3.122000 40.770333
3.136000 40.719556
3.150000 40.659778
3.164000 40.600000
3.178000 40.552556
3.192000 40.499333
3.206000 40.460333
3.220000 40.400556
3.234000 40.341667
3.248000 40.285889
3.262000 40.230111
3.276000 40.170333
3.290000 40.114778
3.304000 40.068333
3.318000 40.009222
3.332000 39.950111
3.346000 39.897889
3.360000 39.844778
3.374000 39.785000
3.388000 39.725222
3.402000 39.682889
3.416000 39.629778
3.430000 39.576667
3.444000 39.516889
3.458000 39.456444
3.472000 39.402111
3.486000 39.347778
3.500000 39.297333
3.514000 39.240222
3.528000 39.187111
3.542000 39.129444
3.556000 39.063000
3.570000 39.009222
3.584000 38.956111
3.598000 38.910778
3.612000 38.845556
3.626000 38.792444
3.640000 38.739333
3.654000 38.686222
3.668000 38.624333
3.682000 38.571222
3.696000 38.524778
3.710000 38.471667
3.724000 38.405222
3.738000 38.352000
3.752000 38.298778
3.766000 38.242667
3.780000 38.176222
3.794000 38.129667
3.808000 38.076444
3.822000 38.023222
3.836000 37.956778
3.850000 37.903667
3.864000 37.850556
3.878000 37.797444
3.892000 37.745667
3.906000 37.692556
3.920000 37.639444
3.934000 37.577667
3.948000 37.515889
3.962000 37.462778
3.976000 37.409667
3.990000 37.359444
4.004000 37.297222
4.018000 37.243222
4.032000 37.190111
4.046000 37.133667
4.060000 37.079778
4.074000 37.025889
4.088000 36.972667
4.102000 36.913778
4.116000 36.858667
4.130000 36.805444
4.144000 36.752222
4.158000 36.691889
4.172000 36.634889
4.186000 36.582222
4.200000 36.529556
4.214000 36.478000
4.228000 36.421667
4.242000 36.365333
4.256000 36.310333
4.270000 36.252667
4.284000 36.201222
4.298000 36.149778
4.312000 36.106778
4.326000 36.044556
4.340000 35.991778
4.354000 35.940889
4.368000 35.885889
4.382000 35.827111
4.396000 35.771000
4.410000 35.726556
4.424000 35.665444
4.438000 35.604333
4.452000 35.559111
4.466000 35.513889
4.480000 35.460556
4.494000 35.411333
4.508000 35.374667
4.522000 35.334778
4.536000 35.281444
4.550000 35.241444
4.564000 35.201444
4.578000 35.161556
4.592000 35.108222
4.606000 35.071556
4.620000 35.031667
4.634000 34.991778
4.648000 34.938333
4.662000 34.898333
4.676000 34.858444
4.690000 34.818556
4.704000 34.768444
4.718000 34.728556
4.732000 34.688667
4.746000 34.648778
4.760000 34.595444
4.774000 34.555556
4.788000 34.515667
4.802000 34.465556
4.816000 34.412222
4.830000 34.372333
4.844000 34.332444
4.858000 34.279111
4.872000 34.225667
4.886000 34.185667
4.900000 34.149000
4.914000 34.095667
4.928000 34.055778
4.942000 34.015889
4.956000 33.976000
4.970000 33.922556
4.984000 33.882556
4.998000 33.845889
5.012000 33.806000
5.026000 33.752667
5.040000 33.712778
5.054000 33.672889
5.068000 33.633000
5.082000 33.579667
5.096000 33.543111
5.110000 33.503222
5.124000 33.463333
5.138000 33.410000
5.152000 33.370111
5.166000 33.330222
5.180000 33.290333
5.194000 33.240222
5.208000 33.200222
5.222000 33.160222
5.236000 33.106889
5.250000 33.053556
5.264000 33.013667
5.278000 32.973778
5.292000 32.923667
5.306000 32.870222
5.320000 32.830222
5.334000 32.790333
5.348000 32.737000
5.362000 32.697111
5.376000 32.657222
5.390000 32.620556
5.404000 32.567222
5.418000 32.527333
5.432000 32.487444
5.446000 32.447556
5.460000 32.394222
5.474000 32.354333
5.488000 32.317667
5.502000 32.277778
5.516000 32.224444
5.530000 32.184444
5.544000 32.144444
5.558000 32.104556
5.572000 32.051222
5.586000 32.014556
5.600000 31.974667
5.614000 31.934778
5.628000 31.881333
5.642000 31.841333
5.656000 31.801444
5.670000 31.748111
5.684000 31.698000
5.698000 31.658111
5.712000 31.618222
5.726000 31.564889
5.740000 31.511556
5.754000 31.471667
5.768000 31.431778
5.782000 31.381667
5.796000 31.341000
5.810000 31.300333
5.824000 31.259333
5.838000 31.208667
5.852000 31.177444
5.866000 31.146222
5.880000 31.118333
5.894000 31.077778
5.908000 31.050667
5.922000 31.027667
5.936000 31.004667
5.950000 30.964556
5.964000 30.934111
5.978000 30.900889
5.992000 30.862556
6.006000 30.809778
6.020000 30.764556
6.034000 30.719333
6.048000 30.661111
6.062000 30.585778
6.076000 30.531111
6.090000 30.470444
6.104000 30.400333
6.118000 30.332444
6.132000 30.279000
6.146000 30.227667
6.160000 30.166889
6.174000 30.119000
6.188000 30.087889
6.202000 30.056778
6.216000 30.014778
6.230000 29.982222
6.244000 29.945444
6.258000 29.908667
6.272000 29.865444
6.286000 29.824444
6.300000 29.783444
6.314000 29.733778
6.328000 29.672222
6.342000 29.589222
6.356000 29.506222
6.370000 29.430333
6.384000 29.303556
6.398000 29.186222
6.412000 29.037778
6.426000 28.889333
6.440000 28.698889
6.454000 28.520333
6.468000 28.380111
6.482000 28.201667
6.496000 28.008667
6.510000 27.819667
6.524000 27.630667
6.538000 27.404667
6.552000 27.178667
6.566000 27.003667
6.580000 26.781778
6.594000 26.531556
6.608000 26.272667
6.622000 26.028333
6.636000 25.783889
6.650000 25.511111
6.664000 25.313667
6.678000 25.069333
6.692000 24.825000
6.706000 24.552222
6.720000 24.307778
6.734000 24.063333
6.748000 23.818889
6.762000 23.593000
6.776000 23.350889
6.790000 23.108778
6.804000 22.894222
6.818000 22.664667
6.832000 22.491111
6.846000 22.317556
6.860000 22.190889
6.874000 22.029889
6.888000 21.897333
6.902000 21.790000
6.916000 21.682667
6.930000 21.560222
6.944000 21.452778
6.958000 21.352143
6.972000 21.232800
6.986000 21.115333
7.000000 21.012000
