'PAM_WMXZ'
45000.000000,
1,
'CVWT',
0 0.0 55.000000 
0.000000 1500.268262 /
5.000000 1500.117629 /
10.000000 1499.630389 /
15.000000 1498.826561 /
20.000000 1497.681663 /
25.000000 1496.504415 /
30.000000 1495.347680 /
35.000000 1494.645968 /
40.000000 1494.155247 /
45.000000 1493.776015 /
50.000000 1493.310333 /
55.000000 1492.498406 /
'A*' 0.0
43.195000 1575.000000 0.0 2.400000 0.100000 0 
1
41.439000 41.439000 /
107
0.000000 53.000000 /
501
0.000000  7.000000 /
'I'
179
-89.000000 89.000000 /
0.0 55.550000 7.070000,
