 BELLHOP- PAM_WMXZ                                                               
 frequency =  0.4500E+05 Hz

 Dummy parameter NMedia =  1

     C-LINEAR approximation to SSP
     Attenuation units: dB/wavelength
     THORP attenuation added
     VACUUM

 Depth =  55. m

 C-Linear SSP option

 Sound speed profile:
 0. 1500.268262
 5. 1500.117629
 10. 1499.630389
 15. 1498.826561
 20. 1497.681663
 25. 1496.504415
 30. 1495.34768
 35. 1494.645968
 40. 1494.155247
 45. 1493.776015
 50. 1493.310333
 55. 1492.498406

                                 ( RMS roughness =   0.00     )
     Bathymetry file selected
     ACOUSTO-ELASTIC half-space
     43.20      1575.00      0.00     2.40       0.1000    0.0000

 Number of sources   =  1
 Source depths (m)
   41.4390    

 Number of receivers =  107
 Receiver depths (m)
   0.00000      0.500000       1.00000       1.50000       2.00000    
   2.50000       3.00000       3.50000       4.00000       4.50000    
   5.00000       5.50000       6.00000       6.50000       7.00000    
   7.50000       8.00000       8.50000       9.00000       9.50000    
   10.0000       10.5000       11.0000       11.5000       12.0000    
   12.5000       13.0000       13.5000       14.0000       14.5000    
   15.0000       15.5000       16.0000       16.5000       17.0000    
   17.5000       18.0000       18.5000       19.0000       19.5000    
   20.0000       20.5000       21.0000       21.5000       22.0000    
   22.5000       23.0000       23.5000       24.0000       24.5000    
   25.0000    
  ...  53.

 Number of ranges   =  501
 Receiver ranges (km)
   0.00000      0.140000E-01  0.280000E-01  0.420000E-01  0.560000E-01
  0.700000E-01  0.840000E-01  0.980000E-01  0.112000      0.126000    
  0.140000      0.154000      0.168000      0.182000      0.196000    
  0.210000      0.224000      0.238000      0.252000      0.266000    
  0.280000      0.294000      0.308000      0.322000      0.336000    
  0.350000      0.364000      0.378000      0.392000      0.406000    
  0.420000      0.434000      0.448000      0.462000      0.476000    
  0.490000      0.504000      0.518000      0.532000      0.546000    
  0.560000      0.574000      0.588000      0.602000      0.616000    
  0.630000      0.644000      0.658000      0.672000      0.686000    
  0.700000    
  ...  7.

 Incoherent TL calculation
 Geometric beams
 Point source (cylindrical coordinates)
 Rectilinear receiver grid: Receivers at rr( : ) x rd( : )

 Number of beams   =  179
 Beam take-off angles (degrees)
  -89.0000      -88.0000      -87.0000      -86.0000      -85.0000    
  -84.0000      -83.0000      -82.0000      -81.0000      -80.0000    
  -79.0000      -78.0000      -77.0000      -76.0000      -75.0000    
  -74.0000      -73.0000      -72.0000      -71.0000      -70.0000    
  -69.0000      -68.0000      -67.0000      -66.0000      -65.0000    
  -64.0000      -63.0000      -62.0000      -61.0000      -60.0000    
  -59.0000      -58.0000      -57.0000      -56.0000      -55.0000    
  -54.0000      -53.0000      -52.0000      -51.0000      -50.0000    
  -49.0000      -48.0000      -47.0000      -46.0000      -45.0000    
  -44.0000      -43.0000      -42.0000      -41.0000      -40.0000    
  -39.0000    

 Step length,     deltas =  5.5 m

 Maximum ray Depth, zBox =  55.55 m
 Maximum ray range, rBox =  7070. m
 No beam shift in effect

 *********************************
 Using bottom-bathymetry file
 Curvilinear Interpolation
 Number of bathymetry points 501

  Range (km)  Depth (m)
   0.00       42.9    
  0.140E-01   42.9    
  0.280E-01   43.0    
  0.420E-01   43.0    
  0.560E-01   43.0    
  0.700E-01   43.0    
  0.840E-01   43.0    
  0.980E-01   43.0    
  0.112       43.0    
  0.126       43.0    
  0.140       42.9    
  0.154       42.9    
  0.168       42.9    
  0.182       42.9    
  0.196       42.9    
  0.210       42.9    
  0.224       42.9    
  0.238       42.9    
  0.252       42.9    
  0.266       42.8    
  0.280       42.8    
  0.294       42.8    
  0.308       42.7    
  0.322       42.7    
  0.336       42.7    
  0.350       42.6    
  0.364       42.6    
  0.378       42.6    
  0.392       42.6    
  0.406       42.6    
  0.420       42.6    
  0.434       42.6    
  0.448       42.7    
  0.462       42.7    
  0.476       42.7    
  0.490       42.7    
  0.504       42.8    
  0.518       42.8    
  0.532       42.8    
  0.546       42.8    
  0.560       42.8    
  0.574       42.8    
  0.588       42.8    
  0.602       42.9    
  0.616       42.9    
  0.630       42.9    
  0.644       42.9    
  0.658       42.9    
  0.672       42.9    
  0.686       42.9    
  0.700       42.9    
  0.714       42.9    
  0.728       42.9    
  0.742       42.9    
  0.756       42.9    
  0.770       42.9    
  0.784       42.8    
  0.798       42.8    
  0.812       42.8    
  0.826       42.8    
  0.840       42.8    
  0.854       42.8    
  0.868       42.8    
  0.882       42.8    
  0.896       42.8    
  0.910       42.8    
  0.924       42.8    
  0.938       42.8    
  0.952       42.8    
  0.966       42.7    
  0.980       42.7    
  0.994       42.7    
   1.01       42.7    
   1.02       42.6    
   1.04       42.6    
   1.05       42.5    
   1.06       42.5    
   1.08       42.4    
   1.09       42.4    
   1.11       42.3    
   1.12       42.3    
   1.13       42.2    
   1.15       42.2    
   1.16       42.1    
   1.18       42.1    
   1.19       42.1    
   1.20       42.0    
   1.22       42.0    
   1.23       42.0    
   1.25       42.0    
   1.26       42.0    
   1.27       42.0    
   1.29       42.0    
   1.30       42.0    
   1.32       42.0    
   1.33       42.1    
   1.34       42.1    
   1.36       42.2    
   1.37       42.2    
   1.39       42.3    
   1.40       42.4    
   1.41       42.4    
   1.43       42.4    
   1.44       42.5    
   1.46       42.5    
   1.47       42.6    
   1.48       42.6    
   1.50       42.6    
   1.51       42.6    
   1.53       42.7    
   1.54       42.7    
   1.55       42.7    
   1.57       42.7    
   1.58       42.8    
   1.60       42.8    
   1.61       42.8    
   1.62       42.9    
   1.64       42.9    
   1.65       42.9    
   1.67       43.0    
   1.68       43.0    
   1.69       43.1    
   1.71       43.1    
   1.72       43.1    
   1.74       43.2    
   1.75       43.2    
   1.76       43.2    
   1.78       43.2    
   1.79       43.2    
   1.81       43.2    
   1.82       43.1    
   1.83       43.1    
   1.85       43.1    
   1.86       43.1    
   1.88       43.1    
   1.89       43.1    
   1.90       43.1    
   1.92       43.1    
   1.93       43.1    
   1.95       43.1    
   1.96       43.1    
   1.97       43.1    
   1.99       43.1    
   2.00       43.1    
   2.02       43.0    
   2.03       43.0    
   2.04       43.0    
   2.06       42.9    
   2.07       42.9    
   2.09       42.9    
   2.10       42.9    
   2.11       42.9    
   2.13       42.9    
   2.14       43.0    
   2.16       43.0    
   2.17       43.0    
   2.18       43.0    
   2.20       43.0    
   2.21       43.0    
   2.23       43.0    
   2.24       43.0    
   2.25       43.0    
   2.27       43.0    
   2.28       42.9    
   2.30       42.9    
   2.31       42.9    
   2.32       42.9    
   2.34       42.9    
   2.35       42.9    
   2.37       42.9    
   2.38       42.9    
   2.39       42.9    
   2.41       42.9    
   2.42       42.9    
   2.44       42.9    
   2.45       42.8    
   2.46       42.8    
   2.48       42.8    
   2.49       42.7    
   2.51       42.7    
   2.52       42.7    
   2.53       42.7    
   2.55       42.7    
   2.56       42.6    
   2.58       42.6    
   2.59       42.6    
   2.60       42.6    
   2.62       42.6    
   2.63       42.6    
   2.65       42.6    
   2.66       42.5    
   2.67       42.4    
   2.69       42.4    
   2.70       42.3    
   2.72       42.3    
   2.73       42.3    
   2.74       42.2    
   2.76       42.1    
   2.77       42.1    
   2.79       42.0    
   2.80       42.0    
   2.81       41.9    
   2.83       41.9    
   2.84       41.8    
   2.86       41.8    
   2.87       41.7    
   2.88       41.7    
   2.90       41.6    
   2.91       41.6    
   2.93       41.5    
   2.94       41.4    
   2.95       41.4    
   2.97       41.3    
   2.98       41.3    
   3.00       41.2    
   3.01       41.2    
   3.02       41.1    
   3.04       41.1    
   3.05       41.0    
   3.07       41.0    
   3.08       40.9    
   3.09       40.9    
   3.11       40.8    
   3.12       40.8    
   3.14       40.7    
   3.15       40.7    
   3.16       40.6    
   3.18       40.6    
   3.19       40.5    
   3.21       40.5    
   3.22       40.4    
   3.23       40.3    
   3.25       40.3    
   3.26       40.2    
   3.28       40.2    
   3.29       40.1    
   3.30       40.1    
   3.32       40.0    
   3.33       40.0    
   3.35       39.9    
   3.36       39.8    
   3.37       39.8    
   3.39       39.7    
   3.40       39.7    
   3.42       39.6    
   3.43       39.6    
   3.44       39.5    
   3.46       39.5    
   3.47       39.4    
   3.49       39.3    
   3.50       39.3    
   3.51       39.2    
   3.53       39.2    
   3.54       39.1    
   3.56       39.1    
   3.57       39.0    
   3.58       39.0    
   3.60       38.9    
   3.61       38.8    
   3.63       38.8    
   3.64       38.7    
   3.65       38.7    
   3.67       38.6    
   3.68       38.6    
   3.70       38.5    
   3.71       38.5    
   3.72       38.4    
   3.74       38.4    
   3.75       38.3    
   3.77       38.2    
   3.78       38.2    
   3.79       38.1    
   3.81       38.1    
   3.82       38.0    
   3.84       38.0    
   3.85       37.9    
   3.86       37.9    
   3.88       37.8    
   3.89       37.7    
   3.91       37.7    
   3.92       37.6    
   3.93       37.6    
   3.95       37.5    
   3.96       37.5    
   3.98       37.4    
   3.99       37.4    
   4.00       37.3    
   4.02       37.2    
   4.03       37.2    
   4.05       37.1    
   4.06       37.1    
   4.07       37.0    
   4.09       37.0    
   4.10       36.9    
   4.12       36.9    
   4.13       36.8    
   4.14       36.8    
   4.16       36.7    
   4.17       36.6    
   4.19       36.6    
   4.20       36.5    
   4.21       36.5    
   4.23       36.4    
   4.24       36.4    
   4.26       36.3    
   4.27       36.3    
   4.28       36.2    
   4.30       36.1    
   4.31       36.1    
   4.33       36.0    
   4.34       36.0    
   4.35       35.9    
   4.37       35.9    
   4.38       35.8    
   4.40       35.8    
   4.41       35.7    
   4.42       35.7    
   4.44       35.6    
   4.45       35.6    
   4.47       35.5    
   4.48       35.5    
   4.49       35.4    
   4.51       35.4    
   4.52       35.3    
   4.54       35.3    
   4.55       35.2    
   4.56       35.2    
   4.58       35.2    
   4.59       35.1    
   4.61       35.1    
   4.62       35.0    
   4.63       35.0    
   4.65       34.9    
   4.66       34.9    
   4.68       34.9    
   4.69       34.8    
   4.70       34.8    
   4.72       34.7    
   4.73       34.7    
   4.75       34.6    
   4.76       34.6    
   4.77       34.6    
   4.79       34.5    
   4.80       34.5    
   4.82       34.4    
   4.83       34.4    
   4.84       34.3    
   4.86       34.3    
   4.87       34.2    
   4.89       34.2    
   4.90       34.1    
   4.91       34.1    
   4.93       34.1    
   4.94       34.0    
   4.96       34.0    
   4.97       33.9    
   4.98       33.9    
   5.00       33.8    
   5.01       33.8    
   5.03       33.8    
   5.04       33.7    
   5.05       33.7    
   5.07       33.6    
   5.08       33.6    
   5.10       33.5    
   5.11       33.5    
   5.12       33.5    
   5.14       33.4    
   5.15       33.4    
   5.17       33.3    
   5.18       33.3    
   5.19       33.2    
   5.21       33.2    
   5.22       33.2    
   5.24       33.1    
   5.25       33.1    
   5.26       33.0    
   5.28       33.0    
   5.29       32.9    
   5.31       32.9    
   5.32       32.8    
   5.33       32.8    
   5.35       32.7    
   5.36       32.7    
   5.38       32.7    
   5.39       32.6    
   5.40       32.6    
   5.42       32.5    
   5.43       32.5    
   5.45       32.4    
   5.46       32.4    
   5.47       32.4    
   5.49       32.3    
   5.50       32.3    
   5.52       32.2    
   5.53       32.2    
   5.54       32.1    
   5.56       32.1    
   5.57       32.1    
   5.59       32.0    
   5.60       32.0    
   5.61       31.9    
   5.63       31.9    
   5.64       31.8    
   5.66       31.8    
   5.67       31.7    
   5.68       31.7    
   5.70       31.7    
   5.71       31.6    
   5.73       31.6    
   5.74       31.5    
   5.75       31.5    
   5.77       31.4    
   5.78       31.4    
   5.80       31.3    
   5.81       31.3    
   5.82       31.3    
   5.84       31.2    
   5.85       31.2    
   5.87       31.1    
   5.88       31.1    
   5.89       31.1    
   5.91       31.1    
   5.92       31.0    
   5.94       31.0    
   5.95       31.0    
   5.96       30.9    
   5.98       30.9    
   5.99       30.9    
   6.01       30.8    
   6.02       30.8    
   6.03       30.7    
   6.05       30.7    
   6.06       30.6    
   6.08       30.5    
   6.09       30.5    
   6.10       30.4    
   6.12       30.3    
   6.13       30.3    
   6.15       30.2    
   6.16       30.2    
   6.17       30.1    
   6.19       30.1    
   6.20       30.1    
   6.22       30.0    
   6.23       30.0    
   6.24       29.9    
   6.26       29.9    
   6.27       29.9    
   6.29       29.8    
   6.30       29.8    
   6.31       29.7    
   6.33       29.7    
   6.34       29.6    
   6.36       29.5    
   6.37       29.4    
   6.38       29.3    
   6.40       29.2    
   6.41       29.0    
   6.43       28.9    
   6.44       28.7    
   6.45       28.5    
   6.47       28.4    
   6.48       28.2    
   6.50       28.0    
   6.51       27.8    
   6.52       27.6    
   6.54       27.4    
   6.55       27.2    
   6.57       27.0    
   6.58       26.8    
   6.59       26.5    
   6.61       26.3    
   6.62       26.0    
   6.64       25.8    
   6.65       25.5    
   6.66       25.3    
   6.68       25.1    
   6.69       24.8    
   6.71       24.6    
   6.72       24.3    
   6.73       24.1    
   6.75       23.8    
   6.76       23.6    
   6.78       23.4    
   6.79       23.1    
   6.80       22.9    
   6.82       22.7    
   6.83       22.5    
   6.85       22.3    
   6.86       22.2    
   6.87       22.0    
   6.89       21.9    
   6.90       21.8    
   6.92       21.7    
   6.93       21.6    
   6.94       21.5    
   6.96       21.4    
   6.97       21.2    
   6.99       21.1    
   7.00       21.0    

 Tracing beam  1 -89.

 Minimum width beams                     
 halfwidth  =  3.250879
 EpsOpt     =  (0.,1494046.1)
 EpsMult    =  1.

 Tracing beam  4 -86.
 Tracing beam  7 -83.
 Tracing beam  10 -80.
 Tracing beam  13 -77.
 Tracing beam  16 -74.
 Tracing beam  19 -71.
 Tracing beam  22 -68.
 Tracing beam  25 -65.
 Tracing beam  28 -61.999996
 Tracing beam  31 -58.999996
 Tracing beam  34 -55.999996
 Tracing beam  37 -53.
 Tracing beam  40 -50.
 Tracing beam  43 -47.
 Tracing beam  46 -44.
 Tracing beam  49 -41.
 Tracing beam  52 -38.
 Tracing beam  55 -35.
 Tracing beam  58 -31.999998
 Tracing beam  61 -28.999998
 Tracing beam  64 -26.
 Tracing beam  67 -23.
 Tracing beam  70 -20.
 Tracing beam  73 -17.
 Tracing beam  76 -13.999999
 Tracing beam  79 -11.
 Tracing beam  82 -7.9999995
 Tracing beam  85 -5.
 Tracing beam  88 -1.9999999
 Tracing beam  91 0.99999994
 Tracing beam  94 3.9999998
 Tracing beam  97 6.9999995
 Tracing beam  100 10.
 Tracing beam  103 13.
 Tracing beam  106 15.999999
 Tracing beam  109 19.
 Tracing beam  112 22.
 Tracing beam  115 25.
 Tracing beam  118 27.999998
 Tracing beam  121 30.999998
 Tracing beam  124 34.
 Tracing beam  127 37.
 Tracing beam  130 40.
 Tracing beam  133 43.
 Tracing beam  136 46.
 Tracing beam  139 49.
 Tracing beam  142 52.
 Tracing beam  145 54.999996
 Tracing beam  148 57.999996
 Tracing beam  151 60.999996
 Tracing beam  154 63.999996
 Tracing beam  157 67.
 Tracing beam  160 70.
 Tracing beam  163 73.
 Tracing beam  166 76.
 Tracing beam  169 79.
 Tracing beam  172 82.
 Tracing beam  175 85.
 Tracing beam  178 88.

 CPU Time =       0.842    s
